0.0000000000 0.0000000000 0.0000000000
1.0000000000 0.0000000000 0.0000000000
0.5000000000 0.0000000000 1.5707963268
0.4641016151 0.0347326525 1.0768541623
0.4142135624 0.1472794166 0.8382648992
0.3701919082 0.2973155511 0.6916256327
0.3333333333 0.4565688376 0.5906287136
0.3025933883 0.6117919676 0.5162304561
0.2767686539 0.7575008585 0.4589015044
0.2548547017 0.8918879948 0.4132606893
0.2360679775 1.0148344190 0.3760086532
2.0000000000 0.0000000000 0.0000000000
1.0000000000 0.0000000000 6.2831853072
0.9282032303 0.1389306099 4.3074166490
0.8284271247 0.5891176663 3.3530595969
0.7403838163 1.1892622044 2.7665025310
0.6666666667 1.8262753503 2.3625148545
0.6051867767 2.4471678705 2.0649218242
0.5535373078 3.0300034341 1.8356060175
0.5097094034 3.5675519794 1.6530427573
0.4721359550 4.0593376758 1.5040346127
3.0000000000 0.0000000000 0.0000000000
1.5000000000 0.0000000000 14.1371669412
1.3923048454 0.3125938722 9.6916874603
1.2426406871 1.3255147491 7.5443840929
1.1105757245 2.6758399598 6.2246306947
1.0000000000 4.1091195382 5.3156584225
0.9077801650 5.5061277086 4.6460741046
0.8303059617 6.8175077266 4.1301135393
0.7645641052 8.0269919536 3.7193462040
0.7082039325 9.1335097706 3.3840778786
4.0000000000 0.0000000000 0.0000000000
2.0000000000 0.0000000000 25.1327412287
1.8564064606 0.5557224395 17.2296665961
1.6568542495 2.3564706650 13.4122383875
1.4807676326 4.7570488175 11.0660101239
1.3333333333 7.3051014013 9.4500594178
1.2103735534 9.7886714819 8.2596872970
1.1070746157 12.1200137362 7.3424240699
1.0194188069 14.2702079175 6.6121710294
0.9442719100 16.2373507033 6.0161384509
5.0000000000 0.0000000000 0.0000000000
2.5000000000 0.0000000000 39.2699081699
2.3205080757 0.8683163117 26.9213540565
2.0710678119 3.6819854141 20.9566224804
1.8509595408 7.4328887773 17.2906408186
1.6666666667 11.4142209395 14.7657178404
1.5129669417 15.2947991904 12.9057614015
1.3838432696 18.9375214629 11.4725376093
1.2742735086 22.2971998711 10.3315172334
1.1803398875 25.3708604739 9.4002163295
6.0000000000 0.0000000000 0.0000000000
3.0000000000 0.0000000000 56.5486677646
2.7846096908 1.2503754889 38.7667498413
2.4852813742 5.3020589963 30.1775363718
2.2211514490 10.7033598393 24.8985227787
2.0000000000 16.4364781529 21.2626336901
1.8155603301 22.0245108342 18.5842964182
1.6606119235 27.2700309066 16.5204541574
1.5291282103 32.1079678144 14.8773848161
1.4164078650 36.5340390825 13.5363115145
7.0000000000 0.0000000000 0.0000000000
3.5000000000 0.0000000000 76.9690200129
3.2487113060 1.7018999710 52.7658539507
2.8994949366 7.2166914116 41.0749800616
2.5913433571 14.5684620035 33.8896560044
2.3333333333 22.3718730415 28.9408069671
2.1181537184 29.9778064132 25.2952923470
1.9373805774 37.1175420673 22.4861737142
1.7839829120 43.7025117474 20.2497737774
1.6524758425 49.7268865289 18.4244240058
8.0000000000 0.0000000000 0.0000000000
4.0000000000 0.0000000000 100.5309649149
3.7128129211 2.2228897580 68.9186663846
3.3137084990 9.4258826600 53.6489535499
2.9615352653 19.0281952699 44.2640404955
2.6666666667 29.2204056052 37.8002376714
2.4207471068 39.1546859275 33.0387491879
2.2141492313 48.4800549450 29.3696962798
2.0388376137 57.0808316700 26.4486841174
1.8885438200 64.9494028133 24.0645538035
9.0000000000 0.0000000000 0.0000000000
4.5000000000 0.0000000000 127.2345024704
4.1769145362 2.8133448500 87.2251871430
3.7279220614 11.9296327416 67.8994568365
3.3317271734 24.0825596385 56.0216762521
3.0000000000 36.9820758441 47.8409258028
2.7233404951 49.5551493770 41.8146669410
2.4909178852 61.3575695398 37.1710218541
2.2936923155 72.2429275824 33.4741158361
2.1246117975 82.2015879355 30.4567009076
